,renewable_cap_0,renewable_cap_1,N,max_energy,max_power
0,1.164690002421093,0.702590208072862,-0.0,7.108462984839649,0.3901469143228563
1,0.9667808316986999,0.6325011717116438,-0.0,3.0837428810882255,0.44898082379517695
2,1.295252994244639,1.2645556706869294,-0.0,8.862174684922149,0.49575645179090155
3,0.9663853508394398,0.8793372773167907,-0.0,5.061233445571688,0.49275909513521
4,1.2304194608286412,0.7447027358407318,-0.0,6.515326511190787,0.4358824344394494
5,1.6296242572539255,1.0417811406765685,-0.0,4.39176603306615,0.3525166194230257
6,0.924233176484633,0.4427447840304422,-0.0,1.0295530701231321,0.24853234375921146
7,0.4488508222865327,1.1569006949370975,-0.0,5.298579923623102,0.5195572961484425
8,0.5949070056192203,0.8583544049358233,-0.0,2.8320788078874806,0.4240983061838164
9,0.9449895377538142,0.6945315982024962,-0.0,2.288462990626385,0.3838670973289964
10,0.031040189223611066,2.807750462319289,-0.0,5.997906427527823,0.895769225471601
11,0.8726266945118161,0.35883549861074504,-0.0,0.5613712156913876,0.10248956150321568
12,0.6920481206481301,1.0166485936728646,-0.0,4.449361106953055,0.44354206367631016
13,0.8634421020052124,2.011363010151079,-0.0,3.428237681411149,0.47567310619843234
14,1.2912449459884865,1.0267836654621072,-0.0,1.6946169583134096,0.2461260022690392
15,0.5574962020666032,0.901322710554034,-0.0,3.119172092034003,0.42209290839760133
16,0.6624444440263791,1.0911141831054842,-0.0,3.350515825809842,0.47516090205428546
17,0.9227255002192001,0.7566095090757768,-0.0,2.356727524536174,0.29834415881803067
18,0.23861144611513715,2.0787797744886056,-0.0,5.451786328560646,0.7888473174054191
19,0.9534320315070045,1.0526681606076131,-0.0,1.2986479450528294,0.30096364770482337
20,1.0943645661146533,1.1410344323044852,-0.0,1.814846221172616,0.30047314477485376
21,0.19597260399751446,1.7698319730737126,-0.0,6.196321873781308,0.7701646011030615
22,0.010097382834135391,1.8935112320054823,-0.0,6.748172330110744,0.8191720265470555
23,1.1093439076901057,1.263760129155199,-0.0,2.2134655674376824,0.4329378598439152
24,0.4163927967458229,1.996126004334069,-0.0,4.784899879138763,0.7095961570009811
25,1.2516141650746002,1.0293253740335966,-0.0,1.7404756299596018,0.38203911093983894
26,0.009169302237238186,2.583983545114465,-0.0,7.010188346761889,1.0361505275963707
27,0.22594834438556188,1.967515734388758,-0.0,5.572796509048508,0.6354437587396105
28,0.896367996198637,1.6918580766321416,-0.0,3.7116325344054766,0.47492083980924354
29,0.0,2.632338462846619,-0.0,7.663989270849141,0.9930345308001021
30,0.0,3.3532884588441694,-0.0,8.204076924615405,1.2390176302722848
31,0.0,1.9526281420927922,-0.0,8.052665856659491,1.0121784340938382
32,0.4835350993851586,2.1070972690678356,-0.0,6.709121860519684,0.8652495630057243
33,0.0,2.1666773795229406,-0.0,7.509651178202026,1.0257054950670152
34,0.0,2.715416793653171,-0.0,7.976224487250394,1.0856445723686254
35,0.029554908397889067,3.4881033973653874,-0.0,7.965653846811319,1.1949931782266667
36,0.0,2.4873432394934154,-0.0,7.567946617666919,0.9752562774788309
37,0.2573164653170869,1.7699453911080578,-0.0,5.952010777517645,0.7423517786702547
38,0.0,2.3157356957055373,-0.0,7.66002238247882,1.0728444826712362
39,0.42467471440284443,1.475110722721875,-0.0,4.724504433995716,0.5984625028740451
40,0.47676014972132247,1.5315108326023879,-0.0,4.963242549426444,0.5540984676200891
41,0.7010280970544875,1.0468374784714496,-0.0,4.411432090060354,0.5451052690382198
42,0.2656129314624032,1.6119603675352308,-0.0,6.439790787241869,0.8486806998606508
43,0.0,2.460094036362839,-0.0,6.92084762771759,0.9860804532560463
44,0.977404563445838,0.8963214900268516,-0.0,1.5667626815174671,0.4545988736980129
45,0.6898514916862124,1.582968387268337,-0.0,4.321126986044589,0.48720195376730824
46,0.9543142921010266,0.966908367929997,-0.0,4.153386441201798,0.3139564995804954
47,1.060754959336403,0.8720899614811578,-0.0,4.369111473276803,0.4664692363172694
48,0.777782757026173,1.0648909499473602,-0.0,4.019155956121008,0.4797806529006752
49,1.5456831011363863,0.8491470554740203,-0.0,4.084728501954249,0.4903463423539779
50,0.8468839356988773,1.348484267662189,-0.0,5.134532465338067,0.4989261098841998
51,0.7076922526003071,1.7953737540953114,-0.0,6.768697343356365,0.7058893799821421
52,0.8742147037486367,0.4231118495476439,-0.0,0.7362480880971418,0.22853518229009742
53,0.9243723691844575,0.8649382256344661,-0.0,2.0844604608756008,0.3902308121351285
54,1.2033156958980251,0.7829886479707231,-0.0,4.176789925748044,0.3559106780698107
55,0.7107237530627639,2.4957728934676062,-0.0,6.742677347318232,1.0708985932395598
56,0.6759358528871419,0.5084820864227603,-0.0,0.9862097408701997,0.2864327476581865
57,0.277597849829089,1.595438555871333,-0.0,5.686310310187713,0.804448399847633
58,0.8559616308588024,0.576471373666378,-0.0,1.7621941720451426,0.4266904397951414
59,1.1752564678856756,0.6683722550880918,-0.0,1.5382700195962118,0.3999740598871714
60,0.5962651074772144,0.6114119273309288,-0.0,2.431158615285966,0.41414748961094927
61,0.749486408535522,0.7956107351700136,-0.0,1.9265243958423552,0.3968154558677091
62,0.5554730900423511,0.9418052148314973,-0.0,3.787632743318459,0.46633493447347907
63,0.5826263004558776,0.617216409348562,-0.0,2.9095117592367177,0.350940939044421
64,0.8007216366688888,0.9182164787080502,-0.0,3.414086982366342,0.31273759437669957
65,0.9530984602480779,0.9599543719675586,-0.0,0.9799968572081166,0.3662877344397445
66,0.772716409578612,0.43272404752956206,-0.0,2.1345159996376446,0.33731218520015704
67,0.6212202209015574,0.5839399450131697,-0.0,3.057019822422868,0.4489532310017025
68,0.6873450351230332,0.8846660525494676,-0.0,2.9756008840830193,0.4895739163661041
69,1.123871200811497,0.6407039295208456,-0.0,1.0579809250094838,0.28700819394365934
70,0.6759656714350037,0.7605210299933003,-0.0,1.8675312314567125,0.39836474167661845
71,0.10039018344317176,1.9747255048372692,-0.0,5.5890904865499,0.8613963383051605
72,0.7938365526459712,0.6430917882930474,-0.0,1.0302873694680894,0.284607649138146
73,1.0494249802110869,0.6389520450334027,-0.0,1.2630976377021073,0.2698864319765219
74,0.6166701485918812,0.6489952077510124,-0.0,1.1891760260271522,0.2510269581412295
75,0.8189812307786039,0.7556551215382268,-0.0,1.3330732301540822,0.3059146664573279
76,0.21391500041215075,1.7470478369790763,-0.0,5.747591210915211,0.7632559469985791
77,0.8571108943056999,1.453748820339521,-0.0,4.3457985849152525,0.4004175264467136
78,0.46625372641789625,1.5243691604906924,-0.0,5.049572615369137,0.6003060371908483
79,0.938533243075931,0.993582432177148,-0.0,2.634870855624988,0.3516248203550397
80,1.1280081375327289,0.8565403684258318,-0.0,1.08702692287968,0.2242869200888586
81,0.9578952571805958,0.7779725738180239,-0.0,0.9639993570549308,0.2693797100228649
82,0.8628275971925465,1.0972942729626125,-0.0,3.7633759997070926,0.45362155934680004
83,1.219228414476314,1.0783397038694438,-0.0,1.3454577110643215,0.3128004553328525
84,0.5901825476048862,3.399538237495484,-0.0,6.3780305256806855,0.9300780071319611
85,0.0,2.901760217372072,-0.0,7.505973683754579,1.044810527626696
86,0.0,3.0339835195050506,-0.0,8.219721194118637,1.2231770097262444
87,1.1270484958594151,1.6229727534259524,-0.0,2.990935205877536,0.5677226034590178
88,0.8521045287978545,2.424579702864331,-0.0,4.001613984210451,0.5461787253020559
89,0.0,2.0732114571857094,-0.0,6.889572653110053,0.8929508326812524
90,0.0,2.273074056024004,-0.0,7.614958230849672,1.137670895566787
91,0.6297960690134911,1.1217801414079394,-0.0,4.341201240453312,0.5256777268774696
92,0.8366016884886263,0.5792744230289675,-0.0,3.5069926532398763,0.4206296615355905
93,1.1118392186680974,0.8197388676736481,-0.0,2.9998151695110886,0.4435693523585909
94,0.2800179802300588,1.8306863851278983,-0.0,6.502604586749387,0.9029857133912876
95,0.6869056837677934,1.0003717895803896,-0.0,4.051273369160008,0.49865525440689107
96,0.3452534613426322,1.523461868842932,-0.0,5.395192399331505,0.8085676636676131
97,0.112692180035548,2.3249425525355334,-0.0,6.6172692673890605,0.9663593487605909
98,1.0027124622540389,0.9553380415714655,-0.0,1.9804083331244946,0.42621848623059544
99,1.3914745193641678,1.1759988057845738,-0.0,1.6975198263579245,0.3575381107698593
100,0.08007009612763133,3.003560460189953,-0.0,7.120920901826147,1.0824179822964264
101,0.6333990985429087,1.5184147778961854,-0.0,6.868623589660424,0.5845818719233
102,0.9103566622889891,1.7018929231739985,-0.0,11.110559859225877,0.4966085028876296
103,0.6069942251426338,1.7677265487407257,-0.0,6.96310911452433,0.8391699653398215
104,1.1897860227582786,0.6025787283840532,-0.0,5.443048376412579,0.42510308159745397
105,0.1300869017485609,2.266690854205652,-0.0,7.60518463744853,1.1267281886491332
106,0.9878210595554334,0.8786671430105373,-0.0,2.401642451975829,0.4293062822419137
107,1.0429162746452418,1.0349699544751214,-0.0,2.3294080597604045,0.3093312596264193
108,0.9875459568174365,0.6010314939745328,-0.0,2.1713921753225307,0.40541646273195814
109,0.6352089146122363,0.854181103063091,-0.0,3.6278015404575084,0.4077120536408
110,0.999657346540171,0.7832202607543892,-0.0,4.777415507203192,0.40385433496254985
111,0.786551971931516,0.5035384923195884,-0.0,1.373156283583671,0.3686855967329692
112,0.58856898536664,0.8208479940044235,-0.0,2.901504700219053,0.37827225246083207
113,0.6539178937771565,0.5049657852780931,-0.0,1.724666986922947,0.3429557752210723
114,1.342026426772398,1.2371269093268307,-0.0,3.9101338928449354,0.4217835217234924
115,0.9116867740497275,0.6009585437893362,-0.0,0.9734182052928307,0.2790040908297521
116,0.9888592734000716,0.5612496244239252,-0.0,1.593594899957211,0.21212827399042067
117,0.5945828296426472,0.5308478400434455,-0.0,1.8242308926710198,0.38848518594365283
118,0.7810446627763834,0.5064573037759608,-0.0,2.072047557365561,0.30994410274301387
119,0.6148447392035492,0.7787516321224455,-0.0,3.50409852227395,0.48539037750547775
120,0.70039846213215,0.5782281539039351,-0.0,1.0697239728222259,0.3155859617556887
121,0.8359685378804692,1.1904084549726488,-0.0,1.8763691487641814,0.35831402722393746
122,0.8946117964937422,0.6475759272589154,-0.0,1.5915728578988426,0.33492769108329234
123,0.7030699786581707,1.1892828208734145,-0.0,0.9212261300724239,0.2475426624982466
124,0.0,2.5192243629630946,-0.0,6.6028217919274415,0.8834911823378137
125,0.13315188755006108,1.7057802194239,-0.0,6.258950603564695,0.8448246717783059
126,0.10904674959429006,1.8654404281096628,-0.0,6.1958902770562405,0.7362856469958831
127,0.9462291841864778,0.6575912143558558,-0.0,0.927835836759576,0.2192184612503551
128,0.6845371178805625,0.8047525613308014,-0.0,1.5468757488306197,0.36183550979714524
129,0.8003789670843249,1.663621083157871,-0.0,3.268033960329619,0.502170093502505
130,0.0,2.803311590624568,-0.0,6.96258040079206,1.0245301248781709
131,0.5250304107392748,1.4269646899978832,-0.0,3.9078319970172655,0.5241158983138188
132,0.3724742923140432,1.790481176445674,-0.0,5.818044695246779,0.6599275434506471
133,0.14483822963816953,2.5967870944390663,-0.0,7.172231124368259,0.8678462818624294
134,1.0484665526522237,1.1249148611035602,-0.0,2.5803533368923146,0.34309994851958936
135,0.9182518944169521,0.9851714906625488,-0.0,2.6409143490952,0.5114563680722578
136,0.20110614210077235,2.137834157464485,-0.0,7.186698010528416,0.9423339848614709
137,0.860943156238362,1.1393658719207673,-0.0,3.317685803973684,0.444108019700318
138,0.18757195969591545,2.13150336464448,-0.0,7.250694659255265,0.9269401952094952
139,0.0,3.3527021675290403,-0.0,8.28011984127145,1.182978163142325
140,0.5690011177920803,3.8643786465292576,-0.0,5.722527998069186,1.029934215656642
141,0.18388016520238487,2.3236138790478025,-0.0,6.371922620471864,0.8505366775241792
142,0.7490691321263473,1.8372483058790672,-0.0,6.031322457984607,0.8517542886267088
143,1.2913167957194231,0.8015334407137413,-0.0,1.2403392768027546,0.3344703170090858
144,0.8413749236147994,2.723516845953363,-0.0,4.4382612670390245,0.5349224373016169
145,1.370848031932845,0.9852506612148583,-0.0,1.3090873843337156,0.2973887388383355
146,0.7427856611721595,0.837386679436658,-0.0,5.400605972291783,0.4986044634476492
147,0.29043198785363156,1.6702286300825013,-0.0,5.9339012370326385,0.9038590648827594
148,0.5699191356449429,1.5975132466433652,-0.0,5.165950539037636,0.7417166338232799
149,0.8429714186114683,1.0373118991687893,-0.0,1.5680359090233775,0.35343707634685884
150,0.5786154596388617,1.7491158659172128,-0.0,5.652717572230348,0.7187171297022017
151,0.5794179593016279,1.4886093286161992,-0.0,5.009852366268097,0.7463455287599217
152,1.5415994665943353,0.24939940584145154,-0.0,2.4229936051033407,0.3657646926352813
153,1.5175395243146321,1.297076284478677,-0.0,5.448103387867678,0.48245773388664037
154,1.4037704387496313,0.8924895100806471,-0.0,2.169250672313141,0.3558881661536234
155,1.0967683334404847,0.9321936262841214,-0.0,2.5468260687063333,0.38326583421207383
156,1.8177672224762464,0.3802905796324778,-0.0,4.26645334132972,0.3409615685505829
157,1.1243542273793545,1.1954198007868064,-0.0,2.1766701718132575,0.3882752863632979
158,1.0121837606151254,1.3689443877738818,-0.0,5.125951453063084,0.5908658148017464
159,0.8726146316296,0.7712607465077995,-0.0,2.845588537531585,0.47776627014561324
160,1.185534977002945,1.2017832829059294,-0.0,4.531494717729747,0.4252291248451422
161,1.0147895317267566,0.8504648464798821,-0.0,4.593328226645091,0.37954868461813696
162,1.4556594191242667,0.6787886086423893,-0.0,3.019714010701279,0.3779008952861638
163,0.8021128443243737,0.8873926113935587,-0.0,2.676523873412457,0.3725899677450636
164,0.7991162288205739,0.3581031699901923,-0.0,2.760448218950963,0.3915590292392238
165,0.560608213697681,0.9755788476353185,-0.0,4.572790097061438,0.4506616562323205
166,0.8605459164628514,0.46888523535119,-0.0,1.5543030068945143,0.3727453080446442
167,0.8918048773804232,0.853772628991496,-0.0,1.1846209028148065,0.2976433440516078
168,0.5728912547385985,0.7914842691923621,-0.0,3.1047655099136606,0.4196028297872288
169,0.7143388366299938,0.7052000802962647,-0.0,2.868067837218566,0.3610118594465788
170,0.8712231134450084,0.9672912796534697,-0.0,1.8517345065892787,0.37494542261817804
171,0.8101343714878082,1.3539930119182004,-0.0,1.9477048288833356,0.3820411804043199
172,0.1600360465692355,1.7730036285000352,-0.0,5.342293276175089,0.6963049115596612
173,1.0044802340392536,0.728491913851825,-0.0,1.4166143789588,0.32604268442055445
174,0.6536571078602187,0.7244636907140332,-0.0,1.5264237437423185,0.3699906418249426
175,0.48748910254810957,1.7864428219646702,-0.0,3.664793747011757,0.5831512285313546
176,0.776069897093159,0.7833785840423808,-0.0,1.5398249730919173,0.32062399483337667
177,0.6045586799884186,1.3281247857610965,-0.0,4.158181796736958,0.5225017038046211
178,0.0,2.1176874354208404,-0.0,6.722993380640974,0.9208242011918933
179,0.8600679572561141,0.5803316749405851,-0.0,0.7644408434233705,0.2243699578062932
180,0.8567007123618064,0.7624852442541153,-0.0,0.8079109418388436,0.2590209036001301
181,0.5778159072934558,1.8686159921152816,-0.0,4.85063541084836,0.5702416459580619
182,0.9697814005738378,1.125287018487188,-0.0,3.313755969912155,0.3407319683120455
183,0.6560911415542042,2.128484510132299,-0.0,5.089702452259587,0.7297345234753075
184,0.410306916563575,1.3461134375476915,-0.0,4.4897066412384925,0.5523559046639852
185,0.42579206594793345,1.9907299342372047,-0.0,5.781843541916213,0.7463857373289414
186,0.912177934896272,1.069613968802776,-0.0,3.179577844845563,0.4786034913076651
187,1.0022908724591677,1.0866298661696456,-0.0,1.673500343655074,0.45426056525933384
188,0.22194100713224027,1.982836906933177,-0.0,6.986883594737008,0.8753570671610864
189,0.0,2.459001571741967,-0.0,7.782261428146758,1.0668346149435348
190,1.1837614102682086,0.7523337963694543,-0.0,1.7709001030131228,0.33059462546335144
191,0.076492252169566,2.2433325816702903,-0.0,7.643435116381084,1.0556328978103706
192,0.8083486761479355,1.4111769565858039,-0.0,3.7996218802020447,0.5156001166413957
193,0.6723976022150563,1.4183333801626465,-0.0,4.2426947139272855,0.550380212079789
194,0.0,3.222197730148755,-0.0,7.662919294140934,1.0368496846410498
195,0.0,1.8121076413928423,-0.0,7.321564737292471,1.0127540261157502
196,0.15508144127560347,1.6771117764938928,-0.0,6.3624898112704615,0.8720394163590449
197,0.18438032162334148,1.7918368539278053,-0.0,6.554375628251087,0.7975954435821312
198,0.876971151929118,0.9391317278016461,-0.0,2.190057919563807,0.39975898141351907
199,0.6087761964262778,0.9614510442882372,-0.0,4.829548184844239,0.5507739947893759
200,0.7616839050929252,0.8670804794809279,-0.0,3.0794222287008854,0.42988658257443263
201,0.6894564558142972,1.491656321027715,-0.0,4.986780907921033,0.4968210844028659
202,0.6424052661375276,0.674209536269042,-0.0,3.7585189204464426,0.4301516061214875
203,0.6700649086786526,1.035883739812855,-0.0,3.798175649855127,0.4587257365497198
204,0.7259561573865871,0.9913488580933629,-0.0,4.5488545216792655,0.538599474155911
205,0.9896415797189241,1.173710397332466,-0.0,2.83073352536214,0.4537081464773198
206,0.9623563764037009,0.6521091867703876,-0.0,2.453170609108663,0.48138963858206096
207,1.1753311460757707,0.758984673415851,-0.0,1.827299642267316,0.34726822641054717
208,1.3064268407042332,0.5714373916597228,-0.0,1.2230480221183015,0.3773578194835863
209,1.1412126491481502,1.4356516392978917,-0.0,3.502695310721824,0.4750642433849469
210,1.558343905926433,1.0883778735772482,-0.0,1.9132849637048797,0.30174810000214375
211,0.8404474663599146,0.641241389612503,-0.0,4.972724944735889,0.45009582963456224
212,0.2797992324000029,1.8333882981610046,-0.0,6.39605053152809,0.8985653820903612
213,0.9416176988853574,0.3428459676462847,-0.0,1.3013966325310786,0.2856145313288669
214,0.08900145731294065,1.791329896812788,-0.0,8.028168565345233,1.0390871990475594
215,0.8016994766197558,0.5746706735960571,-0.0,2.4052031399942706,0.3341280058948128
216,0.8369635153257513,0.6957762089287411,-0.0,1.3723970426265333,0.27762806302007137
217,0.47927074657498825,1.0541985674979575,-0.0,4.160433296792764,0.46713394031283895
218,0.7316740295166768,0.45495876847836064,-0.0,2.3225330707052296,0.3871556905104572
219,0.5909442596332958,0.689853614411517,-0.0,2.965505865867662,0.3853516686377274
220,0.9100201796544652,1.0500700828521783,-0.0,0.7934641644384451,0.26067558772848226
221,0.7321694683650307,1.099775341134967,-0.0,2.949299551671221,0.42706327007425143
222,0.7316433528038098,0.4717698539364038,-0.0,0.581603564829898,0.23128214889217624
223,0.7222217388419528,0.5497910549292143,-0.0,1.6301292397219591,0.30590818692731697
224,0.7214587852182897,0.5844039666480092,-0.0,0.4807009170280758,0.14967259079492584
225,0.7576385251233865,0.6410707710017587,-0.0,1.66587412113016,0.3484779385713117
226,0.44160305605577155,1.0925623706886671,-0.0,4.185129939789984,0.54915104399013
227,0.6948279859263535,0.7014836506489919,-0.0,2.5253220861133103,0.3879185705183641
228,0.8336313675784122,0.4242353788946249,-0.0,0.8159556431388639,0.18276705912466684
229,0.8123823369416696,0.7513252737757539,-0.0,1.749496995055347,0.3776274771186113
230,0.8730066653614075,0.9354592985106042,-0.0,2.3269651984693374,0.3568775898492401
231,0.7917410039940829,0.7914155961724759,-0.0,1.3958659468624344,0.3125609892892281
232,0.7086488436120217,0.6615100627352924,-0.0,1.3764474298691802,0.31762517451113365
233,0.5672037276649015,1.4272880469599147,-0.0,3.835284064547414,0.4539323710696898
234,0.8937482230610891,0.9943883843745301,-0.0,1.9355031898769521,0.3711536524180521
235,0.87657944338101,0.9852500697975689,-0.0,1.6351777980455906,0.35092703915348084
236,0.1214601210906921,1.8427485012164475,-0.0,5.984907711365682,0.8371722883270556
237,1.024313178882671,1.081909204055609,-0.0,1.4877714296198965,0.32513977787679366
238,0.9587341822034857,1.1100501537772178,-0.0,2.6309344492311384,0.4967980025446679
239,0.9726837686133277,1.0129051157534852,-0.0,1.7379148269329083,0.3618719354598089
240,1.0570340996046867,1.2694625514881535,-0.0,2.1192300394226473,0.4394204945712243
241,0.8923235385603786,0.9794531463630075,-0.0,1.728390249738037,0.41750256354632875
242,0.5069373026110113,1.8054137381252058,-0.0,5.3343242247825415,0.6677847229247064
243,1.0956686826233555,0.8676261418610387,-0.0,1.9629223991406926,0.3547278147421563
244,0.0,2.1760265282694,-0.0,8.261407652275986,1.0813847071605245
245,0.8230096063927678,0.8309429329285505,-0.0,2.956154047132683,0.42822471066752654
246,0.18617666767926017,1.987406957695418,-0.0,6.461405719621759,0.7368901542045302
247,0.990420771946375,1.0515976799378417,-0.0,1.551942416893324,0.4984607619402262
248,0.48117613876409593,1.757177111507438,-0.0,4.741467904929281,0.6309198490715399
249,0.8899578122946151,0.97766585494923,-0.0,2.60658250833586,0.48577570832495653
250,0.6735377068777558,1.0198472195298838,-0.0,4.911274505162583,0.6022646784088186
251,0.3853858546223833,1.4661326449534793,-0.0,5.880755947330604,0.7203832081744551
252,0.6438951229270057,0.8262700828492143,-0.0,2.2055692346673865,0.42577667965398835
253,0.6476513244767672,0.5951596923993175,-0.0,4.726918693050945,0.483336471178327
254,0.9653170731277398,0.39317603108314353,-0.0,2.616216395558394,0.38150279863211173
255,0.9724353705510266,0.6202757695038886,-0.0,2.6035650125789815,0.43468531184381026
256,0.8627950479745795,0.5369554230891869,-0.0,1.9272308719342388,0.423026359139697
257,1.2956417956702462,0.7130016570430426,-0.0,5.113749600458053,0.5461191831904172
258,1.02417298758821,0.9714771330063422,-0.0,5.344815803276896,0.3908837510316109
259,1.1840016053004754,0.9564790576003737,-0.0,4.883597328311574,0.5069654185434703
260,0.0,2.7065539237600853,-0.0,9.462165282270895,1.403707860006704
261,0.904912131695808,1.035882641966634,-0.0,5.103852715336356,0.4848395100261511
262,0.7657226184583379,1.4190823396432986,-0.0,6.166438499698712,0.6047187191429262
263,0.7831163290237382,0.6381281745145855,-0.0,2.861460659261531,0.47245432522663144
264,0.9351326523161986,0.5449129921228572,-0.0,2.2575084364821905,0.3889566759261971
265,0.5000891778178397,1.6568875756759094,-0.0,5.266888740163956,0.703847328219589
266,0.9422259713629336,1.2997559496552107,-0.0,5.144749389608921,0.4758139480591362
267,1.0341017601437175,0.744171319232657,-0.0,3.0307913454777125,0.4137731021652633
268,0.9961495323167798,0.5710877165542431,-0.0,2.004732736663619,0.3826303807327518
269,0.6947587715583317,0.48773170016810397,-0.0,2.695044722705679,0.3084510453364319
270,1.1512909134521356,0.5271125380333295,-0.0,6.00570250592459,0.39758898775120255
271,0.7002426089221796,0.4801247624350525,-0.0,2.258449267383107,0.35202491652527673
272,0.3520184174467008,1.2029654155840146,-0.0,4.604343343580839,0.5592665554950351
273,0.9534654313597349,0.6780532906929453,-0.0,0.8256179494864392,0.24562404624932488
274,0.08634455609003504,1.9141868504690223,-0.0,5.711882228716439,0.739656821098574
275,0.7518436185988804,0.7031792931131219,-0.0,2.9665744443237614,0.2874227307478755
276,0.43519294981154427,0.7967163164227743,-0.0,4.073091901414461,0.5108173700881077
277,0.7846233332847316,0.3371772260966974,-0.0,0.5014728112787278,0.13483768272804433
278,1.1972063364255867,1.0939523188185074,-0.0,1.8336766471219244,0.3346108751043771
279,0.4670149309661909,1.601086833692899,-0.0,4.172904275786191,0.6307108181845391
280,0.0,1.632106706169002,-0.0,6.2031017162734035,0.7389857720651093
281,0.6038952300906059,0.9108690991694056,-0.0,2.1495244902900774,0.4659731826978323
282,0.8457208092687252,1.2089015275552764,-0.0,2.077314357018124,0.43633355562325987
283,1.162300228292144,1.0023616860990485,-0.0,1.1617338148529395,0.2007215463340832
284,0.805878081880708,0.9829156475344136,-0.0,2.709685421300255,0.39251304992258695
285,0.028516451388856407,1.8777386359856632,-0.0,6.937897208777155,0.8831519573991403
286,1.0791003824960415,0.894430397422652,-0.0,1.1880573737399567,0.2674562664045317
287,0.0,2.7285216081179473,-0.0,7.14349080793111,1.0228938017087992
288,0.0,2.2995047034075085,-0.0,6.704428786136049,0.889805085629694
289,0.8402448715186983,1.0958833002964035,-0.0,1.9987311862573034,0.4746904656892173
290,0.8993448456087869,0.9798864521875961,-0.0,1.485882913460323,0.46165105740625534
291,0.2497173012470614,1.913409763782508,-0.0,6.763663591638622,0.8145966813680738
292,0.9515503978812537,1.3934919582270338,-0.0,3.2701850895164144,0.41149600769113226
293,0.8800169691926896,1.4602067375689212,-0.0,4.349673209470012,0.5003466483539603
294,0.16505871828200142,2.073379665491495,-0.0,7.085618567862444,0.9395395524680722
295,0.9408116048565025,0.8490855962853043,-0.0,3.3747614164330018,0.5232971318036934
296,0.3746051636623803,1.7274054964555494,-0.0,5.530997148477306,0.781249515503546
297,0.8075245181857594,2.789497109433395,-0.0,5.406263406584146,0.8725964070208093
298,0.27464363114814216,1.621438280696182,-0.0,5.5576751772987345,0.795517772519522
299,1.5298539050443969,1.827216528960561,-0.0,1.7829617033693042,0.42907325088844805
300,0.923224169141999,0.8352889205237198,-0.0,3.4797243557978907,0.43630429247550234
301,1.0640695634231987,0.912960579216227,-0.0,1.7153782097224866,0.3985453866615807
302,0.827828622431806,0.784373195321511,-0.0,1.6993283025395298,0.4292802881089924
303,0.5832552113653047,1.1645060520244546,-0.0,4.722166567411531,0.51035035226701
304,0.15928393074783015,2.018892679491943,-0.0,6.1590209461545395,0.9099694804042485
305,0.6406566044191503,0.9696460203502173,-0.0,3.9998855978200902,0.4372730566481845
306,0.6902524645999979,1.855115419312205,-0.0,5.045928966405485,0.6883696294704079
307,0.7490267428615665,1.18607853859697,-0.0,4.090148808182812,0.42371997383019816
308,0.8981363094333409,0.8876427483063759,-0.0,2.080875496710558,0.41855586376433146
309,0.9359833661401958,1.2285917292843178,-0.0,3.3036730562876757,0.5333776652977974
310,0.8387876609257585,1.0953163350212485,-0.0,2.828253537019978,0.49775037640221986
311,0.9019656797819313,0.9419968538277416,-0.0,3.1933272233546868,0.4530294643277161
312,1.535458340531851,0.791100658954264,-0.0,1.9712137414031687,0.32926953664750214
313,1.5284409103050434,1.1183332146114109,-0.0,3.1911106721264346,0.417856269018955
314,1.1644171734724988,0.4822028744372903,-0.0,1.172643874402799,0.2361891430840075
315,0.23408195853086614,1.8730348166007253,-0.0,6.024005120356212,0.8867830005984143
316,0.8392910202452092,0.9393346829467939,-0.0,3.6895190620955267,0.38868969222531385
317,0.5189606953801472,1.3908884725591057,-0.0,4.930922733010396,0.4810353193544519
318,1.2501701240208332,0.709083218487212,-0.0,1.418103207831674,0.31950167285459036
319,0.27354953229337386,1.4717788918550538,-0.0,6.1787070610245385,0.8058384167237924
320,0.5949858341450269,0.8284211371947902,-0.0,2.0169154759869463,0.4393138951486769
321,0.690967202687307,0.5799683119757423,-0.0,3.439812564737936,0.3577118055530374
322,0.46351222388329283,0.910369066658223,-0.0,4.664747481966565,0.4780930477910187
323,0.8180956843524418,0.5824058377502912,-0.0,0.8889583561255735,0.3398573561692148
324,0.6976308365060974,1.0163006598099569,-0.0,2.734505575226281,0.3494672143221947
325,0.7648470324590929,0.9773246248624057,-0.0,3.575950962234889,0.32240736855504704
326,1.0084082402142431,0.5739039899038583,-0.0,1.7074014832998208,0.29319949219106684
327,0.25382323429858444,1.241907242916136,-0.0,5.302297820191607,0.6487687963476039
328,0.6036111739020293,0.531829839930664,-0.0,2.8367188267237142,0.4304656286301969
329,0.5373556640992723,1.2354520830419315,-0.0,3.8012526468291443,0.49857936849820694
330,0.26465210793830735,1.7911088236413888,-0.0,5.724686615258117,0.7366567017967515
331,0.9152001190631475,0.679416538097694,-0.0,2.2610817667060514,0.2433366077590579
332,0.6747334822738774,0.5160574663600555,-0.0,2.0294176806926636,0.37603418036840963
333,0.9110017738674541,0.7144548346953802,-0.0,0.9438322044429984,0.28146603259619873
334,0.8733030972141452,0.7353684572379935,-0.0,1.2767673165412399,0.3757100614362347
335,0.16544928425446898,1.8675849355598464,-0.0,5.883561412533867,0.7636170512159091
336,0.9036255295270079,1.1112050823812591,-0.0,2.520041166224424,0.33007425498406034
337,0.7863988717932847,0.8536394416584305,-0.0,1.1409363887691502,0.24960012465757148
338,0.8550934209951395,1.164574170637387,-0.0,3.0646085356884303,0.5080160909829223
339,0.34660703491999767,1.5386856550662762,-0.0,5.086147660261134,0.6260878896513089
340,1.2555171716243574,0.9677042887709426,-0.0,1.1368610575575966,0.23808899889090057
341,0.8336829416819259,1.4290534537915691,-0.0,5.144598024641943,0.5224012442518873
342,0.9812152882020291,1.087545220793706,-0.0,2.4748198436121065,0.40291866542897636
343,0.9783649408121504,1.2066742557989503,-0.0,2.5126908003447235,0.5015029323881642
344,0.0233136360735868,2.232134635543996,-0.0,7.996004983516228,1.024563291154567
345,0.0,2.538313128208422,-0.0,7.916321994246609,1.038345130548473
346,0.48851615737504694,2.049743124648679,-0.0,5.365003650126722,0.6677437361459757
347,0.370816864729574,1.882155461441135,-0.0,6.323510732524814,0.7202071469679995
348,0.0,2.487787863752197,-0.0,8.262710637146993,1.2468833700400077
349,0.16336786105183376,2.3102273033759797,-0.0,6.98418891488095,1.0915489494227664
350,0.8847046229885163,1.2697755608973187,-0.0,4.741007824387088,0.5755062875270835
351,0.37231877812421926,1.9949768384422715,-0.0,5.95745251799519,0.7924099941824991
352,0.5145197767297087,1.2049943016953628,-0.0,4.473542080989809,0.6217554089863421
353,1.2932538598777314,0.6956897160109017,-0.0,1.9520631890828057,0.22292760921377164
354,1.06794229008213,1.464166763808224,-0.0,2.84279748908073,0.44819436076438657
355,1.0853398149009674,1.0438443201474459,-0.0,1.6485391009862838,0.4558095992270656
356,0.6602033229746337,0.7562182059300399,-0.0,4.043907095711749,0.37164167824008454
357,1.1284966224402826,1.3339600115175612,-0.0,2.1590990500154117,0.45395261557376954
358,1.0648478557911636,0.591455622223961,-0.0,1.5429752379940413,0.3723356084816663
359,1.0831801373252368,0.00041780746168763216,-0.0,5.6919247839315465,0.27559269668676833
360,0.670108446840228,1.633449233737943,-0.0,4.991534722256215,0.6949174267752983
361,0.5340300454410426,2.237506477341756,-0.0,5.947534649279091,1.0377303071358883
362,1.249708649559475,1.1197674808232227,-0.0,4.54567564064265,0.5386170038332114
363,0.9423480161645903,0.835944336542874,-0.0,2.289523319307465,0.38414867687824195
364,0.4049701207199506,3.5520910714526233,-0.0,8.362469301483106,1.202298801163591
